   3.4120000e+03   1.1081609e+02
   3.4121466e+03   9.7770370e+01
   3.4122933e+03   7.5938049e+01
   3.4124399e+03   7.1316650e+01
   3.4125865e+03   7.2903839e+01
   3.4127331e+03   6.5697205e+01
   3.4128798e+03   5.8694397e+01
   3.4130264e+03   3.8893066e+01
   3.4131730e+03   3.8290833e+01
   3.4133196e+03   2.9885437e+01
   3.4134663e+03   3.2674438e+01
   3.4136129e+03   3.1655762e+01
   3.4137595e+03   3.2826904e+01
   3.4139062e+03   3.8185730e+01
   3.4140528e+03   2.9729858e+01
   3.4141994e+03   3.3457092e+01
   3.4143460e+03   1.9365356e+01
   3.4144927e+03   1.2452087e+01
   3.4146393e+03   1.2715454e+01
   3.4147859e+03   7.1530151e+00
   3.4149326e+03  -3.2373657e+00
   3.4150792e+03  -1.4578247e+00
   3.4152258e+03  -1.3510498e+01
   3.4153724e+03  -2.2397583e+01
   3.4155191e+03  -2.5121216e+01
   3.4156657e+03  -2.0683472e+01
   3.4158123e+03  -2.9086426e+01
   3.4159589e+03  -2.0332214e+01
   3.4161056e+03  -1.8423035e+01
   3.4162522e+03  -6.3607178e+00
   3.4163988e+03   8.5253906e-01
   3.4165455e+03  -2.7854004e+00
   3.4166921e+03   2.7236938e+00
   3.4168387e+03  -1.1622437e+01
   3.4169853e+03  -2.1825684e+01
   3.4171320e+03  -1.4888062e+01
   3.4172786e+03  -2.6811523e+01
   3.4174252e+03  -2.7598145e+01
   3.4175718e+03  -3.3249756e+01
   3.4177185e+03  -2.9768311e+01
   3.4178651e+03  -2.0155884e+01
   3.4180117e+03  -2.5414246e+01
   3.4181584e+03  -2.4545410e+01
   3.4183050e+03  -2.6551086e+01
   3.4184516e+03  -2.9433411e+01
   3.4185982e+03  -3.6194092e+01
   3.4187449e+03  -2.5835052e+01
   3.4188915e+03  -1.5358124e+01
   3.4190381e+03   2.3486328e-01
   3.4191848e+03  -4.0578918e+00
   3.4193314e+03   6.7616882e+00
   3.4194780e+03   1.6919556e+00
   3.4196246e+03   1.7309875e+00
   3.4197713e+03  -1.1229248e+00
   3.4199179e+03  -9.8715210e+00
   3.4200645e+03  -4.5166626e+00
   3.4202111e+03   1.9400024e+00
   3.4203578e+03  -5.0329590e-01
   3.4205044e+03  -6.8482666e+00
   3.4206510e+03   9.0338135e-01
   3.4207977e+03   6.7499390e+00
   3.4209443e+03   6.8969727e-01
   3.4210909e+03   5.7210083e+00
   3.4212375e+03   7.8422546e+00
   3.4213842e+03   1.3051666e+01
   3.4215308e+03   1.8347717e+01
   3.4216774e+03   9.7287292e+00
   3.4218240e+03   1.1193054e+01
   3.4219707e+03   1.9739105e+01
   3.4221173e+03   1.6365356e+01
   3.4222639e+03   7.0700684e+00
   3.4224106e+03   4.8518066e+00
   3.4225572e+03   7.7089233e+00
   3.4227038e+03  -4.3600769e+00
   3.4228504e+03  -1.5356781e+01
   3.4229971e+03  -1.7282715e+01
   3.4231437e+03  -1.2139374e+01
   3.4232903e+03   1.0717163e+00
   3.4234370e+03   3.4899902e-01
   3.4235836e+03  -1.1308868e+01
   3.4237302e+03  -2.0903534e+01
   3.4238768e+03  -3.4436371e+01
   3.4240235e+03  -4.3908813e+01
   3.4241701e+03  -4.0322418e+01
   3.4243167e+03  -3.6678497e+01
   3.4244633e+03  -3.7978546e+01
   3.4246100e+03  -3.6223969e+01
   3.4247566e+03  -4.4416168e+01
   3.4249032e+03  -3.7556534e+01
   3.4250499e+03  -2.7646461e+01
   3.4251965e+03  -2.9687317e+01
   3.4253431e+03  -4.1680462e+01
   3.4254897e+03  -3.7627254e+01
   3.4256364e+03  -4.3529037e+01
   3.4257830e+03  -3.5387146e+01
   3.4259296e+03  -3.4202896e+01
   3.4260762e+03  -3.7977615e+01
   3.4262229e+03  -2.4712601e+01
   3.4263695e+03  -2.0409119e+01
   3.4265161e+03  -2.6068497e+01
   3.4266628e+03  -3.7691971e+01
   3.4268094e+03  -4.1280853e+01
   3.4269560e+03  -3.4836304e+01
   3.4271026e+03  -2.2359711e+01
   3.4272493e+03  -2.1852142e+01
   3.4273959e+03  -2.7314972e+01
   3.4275425e+03  -2.7749298e+01
   3.4276891e+03  -2.8156403e+01
   3.4278358e+03  -2.6537445e+01
   3.4279824e+03  -3.0893616e+01
   3.4281290e+03  -3.5226135e+01
   3.4282757e+03  -4.2536011e+01
   3.4284223e+03  -4.1824646e+01
   3.4285689e+03  -5.1092957e+01
   3.4287155e+03  -4.7342224e+01
   3.4288622e+03  -5.0573608e+01
   3.4290088e+03  -5.6788025e+01
   3.4291554e+03  -5.9986755e+01
   3.4293021e+03  -5.7170898e+01
   3.4294487e+03  -5.4341553e+01
   3.4295953e+03  -5.4499634e+01
   3.4297419e+03  -4.6646240e+01
   3.4298886e+03  -2.7782837e+01
   3.4300352e+03  -2.6909912e+01
   3.4301818e+03  -3.4028931e+01
   3.4303284e+03  -3.3140625e+01
   3.4304751e+03  -4.4246338e+01
   3.4306217e+03  -5.9346680e+01
   3.4307683e+03  -6.2443115e+01
   3.4309150e+03  -6.5536255e+01
   3.4310616e+03  -4.7627319e+01
   3.4312082e+03  -4.1717407e+01
   3.4313548e+03  -3.2807007e+01
   3.4315015e+03  -2.5897583e+01
   3.4316481e+03  -4.0989746e+01
   3.4317947e+03  -4.3084839e+01
   3.4319413e+03  -3.6183350e+01
   3.4320880e+03  -3.2286499e+01
   3.4322346e+03  -3.0395142e+01
   3.4323812e+03  -2.1510132e+01
   3.4325279e+03  -1.6632568e+01
   3.4326745e+03  -7.7629395e+00
   3.4328211e+03  -7.9024658e+00
   3.4329677e+03  -1.9052124e+01
   3.4331144e+03  -2.8212402e+01
   3.4332610e+03  -2.2384521e+01
   3.4334076e+03  -7.5690918e+00
   3.4335543e+03  -1.1767090e+01
   3.4337009e+03  -9.9792480e+00
   3.4338475e+03  -1.0206543e+01
   3.4339941e+03  -7.4497070e+00
   3.4341408e+03  -1.3709473e+01
   3.4342874e+03  -2.4986816e+01
   3.4344340e+03  -3.1282471e+01
   3.4345806e+03  -2.0597168e+01
   3.4347273e+03  -2.0931641e+01
   3.4348739e+03  -1.9286865e+01
   3.4350205e+03  -1.4663330e+01
   3.4351672e+03  -2.2062012e+01
   3.4353138e+03  -2.1483643e+01
   3.4354604e+03  -2.1928711e+01
   3.4356070e+03  -1.2398438e+01
   3.4357537e+03   3.1069336e+00
   3.4359003e+03  -3.4138184e+00
   3.4360469e+03  -1.5960449e+01
   3.4361935e+03  -5.5349121e+00
   3.4363402e+03  -1.0136719e+01
   3.4364868e+03  -1.5767822e+01
   3.4366334e+03  -4.2749023e-01
   3.4367801e+03  -2.1176758e+00
   3.4369267e+03  -8.8378906e+00
   3.4370733e+03   1.2410156e+01
   3.4372199e+03   2.1626465e+01
   3.4373666e+03   2.5810059e+01
   3.4375132e+03   2.4960938e+01
   3.4376598e+03   3.9077637e+01
   3.4378065e+03   4.4159912e+01
   3.4379531e+03   4.3207031e+01
   3.4380997e+03   5.2218994e+01
   3.4382463e+03   5.9194458e+01
   3.4383930e+03   5.7132935e+01
   3.4385396e+03   6.4034302e+01
   3.4386862e+03   8.1897461e+01
   3.4388328e+03   9.1722290e+01
   3.4389795e+03   9.5507813e+01
   3.4391261e+03   9.9253784e+01
   3.4392727e+03   8.9959595e+01
   3.4394194e+03   9.2624512e+01
   3.4395660e+03   1.0124841e+02
   3.4397126e+03   1.2583032e+02
   3.4398592e+03   1.3136993e+02
   3.4400059e+03   1.1586676e+02
   3.4401525e+03   1.0632031e+02
   3.4402991e+03   9.5729980e+01
   3.4404457e+03   8.7095337e+01
   3.4405924e+03   9.2415894e+01
   3.4407390e+03   9.5691193e+01
   3.4408856e+03   8.4920776e+01
   3.4410323e+03   8.1104141e+01
   3.4411789e+03   8.5240829e+01
   3.4413255e+03   7.6330414e+01
   3.4414721e+03   7.0372452e+01
   3.4416188e+03   5.8366497e+01
   3.4417654e+03   6.4312119e+01
   3.4419120e+03   6.3208908e+01
   3.4420587e+03   4.4056427e+01
   3.4422053e+03   4.3854309e+01
   3.4423519e+03   3.5602051e+01
   3.4424985e+03   2.5299408e+01
   3.4426452e+03   3.8945831e+01
   3.4427918e+03   3.1541016e+01
   3.4429384e+03   4.1084625e+01
   3.4430850e+03   2.5576202e+01
   3.4432317e+03   2.6015442e+01
   3.4433783e+03   3.1401917e+01
   3.4435249e+03   5.1735291e+01
   3.4436716e+03   5.9015381e+01
   3.4438182e+03   6.4241577e+01
   3.4439648e+03   6.7413696e+01
   3.4441114e+03   6.0531372e+01
   3.4442581e+03   5.6594360e+01
   3.4444047e+03   6.4602295e+01
   3.4445513e+03   7.7554749e+01
   3.4446979e+03   7.0451538e+01
   3.4448446e+03   8.1292480e+01
   3.4449912e+03   7.2076904e+01
   3.4451378e+03   6.2805054e+01
   3.4452845e+03   6.5476196e+01
   3.4454311e+03   6.4090088e+01
   3.4455777e+03   5.3646851e+01
   3.4457243e+03   5.4145874e+01
   3.4458710e+03   6.9586914e+01
   3.4460176e+03   6.5969849e+01
   3.4461642e+03   7.2294312e+01
   3.4463109e+03   6.3560181e+01
   3.4464575e+03   5.8767090e+01
   3.4466041e+03   5.5915039e+01
   3.4467507e+03   4.6003418e+01
   3.4468974e+03   5.1032471e+01
   3.4470440e+03   6.8001465e+01
   3.4471906e+03   5.7910889e+01
   3.4473372e+03   6.4759766e+01
   3.4474839e+03   5.3548340e+01
   3.4476305e+03   3.8276367e+01
   3.4477771e+03   2.7943848e+01
   3.4479238e+03   1.8549805e+01
   3.4480704e+03   1.8095215e+01
   3.4482170e+03   3.0579346e+01
   3.4483636e+03   3.0001465e+01
   3.4485103e+03   2.1362549e+01
   3.4486569e+03   2.9661377e+01
   3.4488035e+03   3.0898682e+01
   3.4489501e+03   3.7073975e+01
   3.4490968e+03   4.7186523e+01
   3.4492434e+03   5.1237305e+01
   3.4493900e+03   5.4225342e+01
   3.4495367e+03   5.8150879e+01
   3.4496833e+03   6.4013428e+01
   3.4498299e+03   6.3813721e+01
   3.4499765e+03   4.9550537e+01
   3.4501232e+03   4.5224365e+01
   3.4502698e+03   3.3835449e+01
   3.4504164e+03   2.7383057e+01
   3.4505630e+03   2.0867188e+01
   3.4507097e+03   3.9288086e+01
   3.4508563e+03   4.9645508e+01
   3.4510029e+03   5.5939209e+01
   3.4511496e+03   5.1169434e+01
   3.4512962e+03   2.9335938e+01
   3.4514428e+03   1.5438721e+01
   3.4515894e+03   1.6477295e+01
   3.4517361e+03   1.1452637e+01
   3.4518827e+03   9.3635254e+00
   3.4520293e+03   2.1044922e-01
   3.4521760e+03  -1.0061035e+00
   3.4523226e+03   6.7126465e+00
   3.4524692e+03  -6.3232422e-01
   3.4526158e+03  -1.6041260e+01
   3.4527625e+03  -1.5514648e+01
   3.4529091e+03  -2.6052002e+01
   3.4530557e+03  -3.6653320e+01
   3.4532023e+03  -3.8319336e+01
   3.4533490e+03  -5.3049072e+01
   3.4534956e+03  -6.0842773e+01
   3.4536422e+03  -7.3701172e+01
   3.4537889e+03  -8.6623535e+01
   3.4539355e+03  -6.9609863e+01
   3.4540821e+03  -7.3660400e+01
   3.4542287e+03  -6.5775146e+01
   3.4543754e+03  -6.7953613e+01
   3.4545220e+03  -7.0196533e+01
   3.4546686e+03  -6.2503174e+01
   3.4548152e+03  -6.6874023e+01
   3.4549619e+03  -6.5308594e+01
   3.4551085e+03  -7.0807129e+01
   3.4552551e+03  -8.2369385e+01
   3.4554018e+03  -8.8995605e+01
   3.4555484e+03  -9.1685303e+01
   3.4556950e+03  -9.7438965e+01
   3.4558416e+03  -1.1225598e+02
   3.4559883e+03  -1.2413660e+02
   3.4561349e+03  -1.2708069e+02
   3.4562815e+03  -1.2108813e+02
   3.4564282e+03  -1.1615881e+02
   3.4565748e+03  -1.0229285e+02
   3.4567214e+03  -9.6489746e+01
   3.4568680e+03  -9.4749878e+01
   3.4570147e+03  -1.0007300e+02
   3.4571613e+03  -8.9458801e+01
   3.4573079e+03  -7.6907349e+01
   3.4574545e+03  -7.5418579e+01
   3.4576012e+03  -7.5992310e+01
   3.4577478e+03  -8.2628479e+01
   3.4578944e+03  -7.9326904e+01
   3.4580411e+03  -8.4087463e+01
   3.4581877e+03  -8.2910126e+01
   3.4583343e+03  -8.6794678e+01
   3.4584809e+03  -7.0741013e+01
   3.4586276e+03  -6.7749008e+01
   3.4587742e+03  -5.9818535e+01
   3.4589208e+03  -6.7949425e+01
   3.4590674e+03  -6.7141548e+01
   3.4592141e+03  -5.7394760e+01
   3.4593607e+03  -4.9708908e+01
   3.4595073e+03  -4.9083839e+01
   3.4596540e+03  -5.7519409e+01
   3.4598006e+03  -6.0015442e+01
   3.4599472e+03  -6.5571747e+01
   3.4600938e+03  -5.5188232e+01
   3.4602405e+03  -5.6864685e+01
   3.4603871e+03  -2.2600891e+01
   3.4605337e+03  -1.4396790e+01
   3.4606804e+03  -1.2252075e+01
   3.4608270e+03   3.8333740e+00
   3.4609736e+03   1.7859680e+01
   3.4611202e+03   3.1827179e+01
   3.4612669e+03   5.7735901e+01
   3.4614135e+03   7.5586182e+01
   3.4615601e+03   1.0837810e+02
   3.4617067e+03   1.2411190e+02
   3.4618534e+03   1.4178781e+02
   3.4620000e+03   1.6340601e+02
   3.4621466e+03   1.8396669e+02
   3.4622933e+03   2.0047006e+02
   3.4624399e+03   2.2091638e+02
   3.4625865e+03   2.3930591e+02
   3.4627331e+03   2.5163855e+02
   3.4628798e+03   2.4791504e+02
   3.4630264e+03   2.6213513e+02
   3.4631730e+03   2.8029944e+02
   3.4633196e+03   3.0540771e+02
   3.4634663e+03   3.3246069e+02
   3.4636129e+03   3.5345850e+02
   3.4637595e+03   4.0140088e+02
   3.4639062e+03   4.3928857e+02
   3.4640528e+03   4.9512207e+02
   3.4641994e+03   5.3490039e+02
   3.4643460e+03   5.9462549e+02
   3.4644927e+03   6.6029639e+02
   3.4646393e+03   7.0191406e+02
   3.4647859e+03   7.5647803e+02
   3.4649326e+03   8.1198877e+02
   3.4650792e+03   8.8844727e+02
   3.4652258e+03   9.6985254e+02
   3.4653724e+03   1.0422051e+03
   3.4655191e+03   1.1275078e+03
   3.4656657e+03   1.2387559e+03
   3.4658123e+03   1.3529551e+03
   3.4659589e+03   1.4821016e+03
   3.4661056e+03   1.6121953e+03
   3.4662522e+03   1.7592422e+03
   3.4663988e+03   1.9192383e+03
   3.4665455e+03   2.0931816e+03
   3.4666921e+03   2.3050762e+03
   3.4668387e+03   2.5239199e+03
   3.4669853e+03   2.7777188e+03
   3.4671320e+03   3.0454648e+03
   3.4672786e+03   3.3221602e+03
   3.4674252e+03   3.6068125e+03
   3.4675718e+03   3.8974141e+03
   3.4677185e+03   4.1889688e+03
   3.4678651e+03   4.4874727e+03
   3.4680117e+03   4.7929336e+03
   3.4681584e+03   5.1183477e+03
   3.4683050e+03   5.4727148e+03
   3.4684516e+03   5.8770234e+03
   3.4685982e+03   6.3283047e+03
   3.4687449e+03   6.8505313e+03
   3.4688915e+03   7.4777188e+03
   3.4690381e+03   8.2048516e+03
   3.4691848e+03   9.0869375e+03
   3.4693314e+03   1.0125992e+04
   3.4694780e+03   1.1391992e+04
   3.4696246e+03   1.2856953e+04
   3.4697713e+03   1.4575875e+04
   3.4699179e+03   1.6579750e+04
   3.4700645e+03   1.8831578e+04
   3.4702111e+03   2.1316359e+04
   3.4703578e+03   2.3953109e+04
   3.4705044e+03   2.6606797e+04
   3.4706510e+03   2.9125500e+04
   3.4707977e+03   3.1270094e+04
   3.4709443e+03   3.2884656e+04
   3.4710909e+03   3.3781219e+04
   3.4712375e+03   3.3875719e+04
   3.4713842e+03   3.3161188e+04
   3.4715308e+03   3.1701594e+04
   3.4716774e+03   2.9662969e+04
   3.4718240e+03   2.7183313e+04
   3.4719707e+03   2.4513625e+04
   3.4721173e+03   2.1830875e+04
   3.4722639e+03   1.9252125e+04
   3.4724106e+03   1.6910313e+04
   3.4725572e+03   1.4828438e+04
   3.4727038e+03   1.3006563e+04
   3.4728504e+03   1.1472625e+04
   3.4729971e+03   1.0151688e+04
   3.4731437e+03   9.0757500e+03
   3.4732903e+03   8.1626250e+03
   3.4734370e+03   7.3746250e+03
   3.4735836e+03   6.7075000e+03
   3.4737302e+03   6.1553750e+03
   3.4738768e+03   5.6742500e+03
   3.4740235e+03   5.2620000e+03
   3.4741701e+03   4.9007500e+03
   3.4743167e+03   4.5735000e+03
   3.4744633e+03   4.2592500e+03
   3.4746100e+03   3.9718750e+03
   3.4747566e+03   3.6745000e+03
   3.4749032e+03   3.3941250e+03
   3.4750499e+03   3.1357500e+03
   3.4751965e+03   2.8981875e+03
   3.4753431e+03   2.6668125e+03
   3.4754897e+03   2.4561875e+03
   3.4756364e+03   2.2626875e+03
   3.4757830e+03   2.0781250e+03
   3.4759296e+03   1.9005625e+03
   3.4760762e+03   1.7408750e+03
   3.4762229e+03   1.5871875e+03
   3.4763695e+03   1.4295625e+03
   3.4765161e+03   1.2778125e+03
   3.4766628e+03   1.1450625e+03
   3.4768094e+03   1.0223125e+03
   3.4769560e+03   9.1550000e+02
   3.4771026e+03   8.3268750e+02
   3.4772493e+03   7.4181250e+02
   3.4773959e+03   6.7493750e+02
   3.4775425e+03   6.1406250e+02
   3.4776891e+03   5.5512500e+02
   3.4778358e+03   5.1118750e+02
   3.4779824e+03   4.6825000e+02
   3.4781290e+03   4.1118750e+02
   3.4782757e+03   3.6825000e+02
   3.4784223e+03   3.2212500e+02
   3.4785689e+03   2.9112500e+02
   3.4787155e+03   2.6900000e+02
   3.4788622e+03   2.3793750e+02
   3.4790088e+03   2.1475000e+02
   3.4791554e+03   1.9068750e+02
   3.4793021e+03   1.7743750e+02
   3.4794487e+03   1.5431250e+02
   3.4795953e+03   1.4306250e+02
   3.4797419e+03   1.4187500e+02
   3.4798886e+03   1.5156250e+02
   3.4800352e+03   1.5837500e+02
   3.4801818e+03   1.9406250e+02
   3.4803284e+03   2.0875000e+02
   3.4804751e+03   2.3043750e+02
   3.4806217e+03   2.7112500e+02
   3.4807683e+03   3.1375000e+02
   3.4809150e+03   3.4737500e+02
   3.4810616e+03   3.8900000e+02
   3.4812082e+03   4.2862500e+02
   3.4813548e+03   4.8218750e+02
   3.4815015e+03   5.4175000e+02
   3.4816481e+03   6.0737500e+02
   3.4817947e+03   6.9287500e+02
   3.4819413e+03   7.9737500e+02
   3.4820880e+03   8.9393750e+02
   3.4822346e+03   1.0014375e+03
   3.4823812e+03   1.1408750e+03
   3.4825279e+03   1.2834375e+03
   3.4826745e+03   1.4518125e+03
   3.4828211e+03   1.6203750e+03
   3.4829677e+03   1.8247500e+03
   3.4831144e+03   2.0591875e+03
   3.4832610e+03   2.3176250e+03
   3.4834076e+03   2.5880625e+03
   3.4835543e+03   2.8714375e+03
   3.4837009e+03   3.1498750e+03
   3.4838475e+03   3.4362500e+03
   3.4839941e+03   3.7246250e+03
   3.4841408e+03   4.0130000e+03
   3.4842874e+03   4.3143125e+03
   3.4844340e+03   4.6587500e+03
   3.4845806e+03   5.0440625e+03
   3.4847273e+03   5.5134375e+03
   3.4848739e+03   6.0617500e+03
   3.4850205e+03   6.7200625e+03
   3.4851672e+03   7.5174375e+03
   3.4853138e+03   8.4997500e+03
   3.4854604e+03   9.6710625e+03
   3.4856070e+03   1.1095375e+04
   3.4857537e+03   1.2831688e+04
   3.4859003e+03   1.4903000e+04
   3.4860469e+03   1.7335250e+04
   3.4861935e+03   2.0143625e+04
   3.4863402e+03   2.3288875e+04
   3.4864868e+03   2.6616250e+04
   3.4866334e+03   2.9964500e+04
   3.4867801e+03   3.3064813e+04
   3.4869267e+03   3.5627000e+04
   3.4870733e+03   3.7409375e+04
   3.4872199e+03   3.8213750e+04
   3.4873666e+03   3.7948000e+04
   3.4875132e+03   3.6671250e+04
   3.4876598e+03   3.4517500e+04
   3.4878065e+03   3.1698875e+04
   3.4879531e+03   2.8512125e+04
   3.4880997e+03   2.5223500e+04
   3.4882463e+03   2.2052750e+04
   3.4883930e+03   1.9132125e+04
   3.4885396e+03   1.6567375e+04
   3.4886862e+03   1.4345625e+04
   3.4888328e+03   1.2488000e+04
   3.4889795e+03   1.0944375e+04
   3.4891261e+03   9.6696250e+03
   3.4892727e+03   8.6080000e+03
   3.4894194e+03   7.7453750e+03
   3.4895660e+03   7.0486250e+03
   3.4897126e+03   6.4640000e+03
   3.4898592e+03   5.9893750e+03
   3.4900059e+03   5.5737500e+03
   3.4901525e+03   5.2001250e+03
   3.4902991e+03   4.8725000e+03
   3.4904457e+03   4.5538750e+03
   3.4905924e+03   4.2392500e+03
   3.4907390e+03   3.9466250e+03
   3.4908856e+03   3.6481250e+03
   3.4910323e+03   3.3263750e+03
   3.4911789e+03   3.0450000e+03
   3.4913255e+03   2.7622500e+03
   3.4914721e+03   2.5148750e+03
   3.4916188e+03   2.2952500e+03
   3.4917654e+03   2.1017500e+03
   3.4919120e+03   1.9271250e+03
   3.4920587e+03   1.7757500e+03
   3.4922053e+03   1.6452500e+03
   3.4923519e+03   1.5186250e+03
   3.4924985e+03   1.4252500e+03
   3.4926452e+03   1.3408750e+03
   3.4927918e+03   1.2572500e+03
   3.4929384e+03   1.1750000e+03
   3.4930850e+03   1.1055000e+03
   3.4932317e+03   1.0520000e+03
   3.4933783e+03   1.0097500e+03
   3.4935249e+03   9.8125000e+02
   3.4936716e+03   9.5100000e+02
   3.4938182e+03   9.3162500e+02
   3.4939648e+03   8.9537500e+02
   3.4941114e+03   8.8387500e+02
   3.4942581e+03   8.6375000e+02
   3.4944047e+03   8.5737500e+02
   3.4945513e+03   8.3712500e+02
   3.4946979e+03   8.3600000e+02
   3.4948446e+03   8.1762500e+02
   3.4949912e+03   8.3050000e+02
   3.4951378e+03   8.5525000e+02
   3.4952845e+03   8.7512500e+02
   3.4954311e+03   8.8587500e+02
   3.4955777e+03   9.0787500e+02
   3.4957243e+03   9.3462500e+02
   3.4958710e+03   9.6662500e+02
   3.4960176e+03   1.0025000e+03
   3.4961642e+03   1.0475000e+03
   3.4963109e+03   1.1115000e+03
   3.4964575e+03   1.1823750e+03
   3.4966041e+03   1.2725000e+03
   3.4967507e+03   1.3595000e+03
   3.4968974e+03   1.4395000e+03
   3.4970440e+03   1.5245000e+03
   3.4971906e+03   1.6317500e+03
   3.4973372e+03   1.7427500e+03
   3.4974839e+03   1.8480000e+03
   3.4976305e+03   1.9601250e+03
   3.4977771e+03   2.0982500e+03
   3.4979238e+03   2.2736250e+03
   3.4980704e+03   2.4337500e+03
   3.4982170e+03   2.6100000e+03
   3.4983636e+03   2.8012500e+03
   3.4985103e+03   2.9836250e+03
   3.4986569e+03   3.1768750e+03
   3.4988035e+03   3.3913750e+03
   3.4989501e+03   3.6156250e+03
   3.4990968e+03   3.8531250e+03
   3.4992434e+03   4.0886250e+03
   3.4993900e+03   4.3520000e+03
   3.4995367e+03   4.6335000e+03
   3.4996833e+03   4.9190000e+03
   3.4998299e+03   5.2255000e+03
   3.4999765e+03   5.5441250e+03
   3.5001232e+03   5.9047500e+03
   3.5002698e+03   6.2943750e+03
   3.5004164e+03   6.7130000e+03
   3.5005630e+03   7.1617500e+03
   3.5007097e+03   7.6373750e+03
   3.5008563e+03   8.1592500e+03
   3.5010029e+03   8.7388750e+03
   3.5011496e+03   9.3637500e+03
   3.5012962e+03   1.0028625e+04
   3.5014428e+03   1.0745375e+04
   3.5015894e+03   1.1516375e+04
   3.5017361e+03   1.2327250e+04
   3.5018827e+03   1.3167125e+04
   3.5020293e+03   1.4031250e+04
   3.5021760e+03   1.4919125e+04
   3.5023226e+03   1.5829250e+04
   3.5024692e+03   1.6680250e+04
   3.5026158e+03   1.7476500e+04
   3.5027625e+03   1.8176500e+04
   3.5029091e+03   1.8778750e+04
   3.5030557e+03   1.9238000e+04
   3.5032023e+03   1.9539125e+04
   3.5033490e+03   1.9648375e+04
   3.5034956e+03   1.9560750e+04
   3.5036422e+03   1.9300125e+04
   3.5037889e+03   1.8868375e+04
   3.5039355e+03   1.8295875e+04
   3.5040821e+03   1.7606250e+04
   3.5042287e+03   1.6840750e+04
   3.5043754e+03   1.6036250e+04
   3.5045220e+03   1.5201875e+04
   3.5046686e+03   1.4364250e+04
   3.5048152e+03   1.3551000e+04
   3.5049619e+03   1.2763750e+04
   3.5051085e+03   1.2002250e+04
   3.5052551e+03   1.1291000e+04
   3.5054018e+03   1.0614750e+04
   3.5055484e+03   9.9955000e+03
   3.5056950e+03   9.4082500e+03
   3.5058416e+03   8.8732500e+03
   3.5059883e+03   8.3900000e+03
   3.5061349e+03   7.9370000e+03
   3.5062815e+03   7.5190000e+03
   3.5064282e+03   7.1180000e+03
   3.5065748e+03   6.7477500e+03
   3.5067214e+03   6.4242500e+03
   3.5068680e+03   6.1030000e+03
   3.5070147e+03   5.7905000e+03
   3.5071613e+03   5.5015000e+03
   3.5073079e+03   5.2345000e+03
   3.5074545e+03   4.9700000e+03
   3.5076012e+03   4.7202500e+03
   3.5077478e+03   4.4787500e+03
   3.5078944e+03   4.2507500e+03
   3.5080411e+03   4.0425000e+03
   3.5081877e+03   3.8437500e+03
   3.5083343e+03   3.6752500e+03
   3.5084809e+03   3.5157500e+03
   3.5086276e+03   3.3735000e+03
   3.5087742e+03   3.2230000e+03
   3.5089208e+03   3.0915000e+03
   3.5090674e+03   2.9642500e+03
   3.5092141e+03   2.8620000e+03
   3.5093607e+03   2.7507500e+03
   3.5095073e+03   2.6295000e+03
   3.5096540e+03   2.5222500e+03
   3.5098006e+03   2.4282500e+03
   3.5099472e+03   2.3382500e+03
   3.5100938e+03   2.2530000e+03
   3.5102405e+03   2.1682500e+03
   3.5103871e+03   2.0930000e+03
   3.5105337e+03   2.0132500e+03
   3.5106804e+03   1.9452500e+03
   3.5108270e+03   1.8792500e+03
   3.5109736e+03   1.8037500e+03
   3.5111202e+03   1.7407500e+03
   3.5112669e+03   1.6770000e+03
   3.5114135e+03   1.6185000e+03
   3.5115601e+03   1.5457500e+03
   3.5117067e+03   1.4842500e+03
   3.5118534e+03   1.4085000e+03
   3.5120000e+03   1.3670000e+03
   3.5121466e+03   1.3145000e+03
   3.5122933e+03   1.2690000e+03
   3.5124399e+03   1.2187500e+03
   3.5125865e+03   1.1682500e+03
   3.5127331e+03   1.1100000e+03
   3.5128798e+03   1.0657500e+03
   3.5130264e+03   1.0085000e+03
   3.5131730e+03   9.7325000e+02
   3.5133196e+03   9.1600000e+02
   3.5134663e+03   8.7900000e+02
   3.5136129e+03   8.6575000e+02
   3.5137595e+03   8.3575000e+02
   3.5139062e+03   7.9775000e+02
   3.5140528e+03   7.6400000e+02
   3.5141994e+03   7.2775000e+02
   3.5143460e+03   7.1700000e+02
   3.5144927e+03   6.9525000e+02
   3.5146393e+03   6.8625000e+02
   3.5147859e+03   6.6075000e+02
   3.5149326e+03   6.4875000e+02
   3.5150792e+03   6.1725000e+02
   3.5152258e+03   6.0375000e+02
   3.5153724e+03   5.9400000e+02
   3.5155191e+03   5.8425000e+02
   3.5156657e+03   5.6900000e+02
   3.5158123e+03   5.4750000e+02
   3.5159589e+03   5.2700000e+02
   3.5161056e+03   5.0650000e+02
   3.5162522e+03   4.8925000e+02
   3.5163988e+03   4.6400000e+02
   3.5165455e+03   4.4250000e+02
   3.5166921e+03   4.1550000e+02
   3.5168387e+03   3.9025000e+02
   3.5169853e+03   3.6900000e+02
   3.5171320e+03   3.5400000e+02
   3.5172786e+03   3.3500000e+02
   3.5174252e+03   3.1000000e+02
   3.5175718e+03   3.0275000e+02
   3.5177185e+03   2.9800000e+02
   3.5178651e+03   2.8000000e+02
   3.5180117e+03   2.6125000e+02
   3.5181584e+03   2.3725000e+02
   3.5183050e+03   2.2850000e+02
   3.5184516e+03   2.1500000e+02
   3.5185982e+03   2.2500000e+02
   3.5187449e+03   2.0950000e+02
   3.5188915e+03   2.0475000e+02
   3.5190381e+03   1.9225000e+02
   3.5191848e+03   1.7750000e+02
   3.5193314e+03   1.5925000e+02
   3.5194780e+03   1.6750000e+02
   3.5196246e+03   1.7225000e+02
   3.5197713e+03   1.9400000e+02
   3.5199179e+03   1.8125000e+02
   3.5200645e+03   1.6625000e+02
   3.5202111e+03   1.5200000e+02
   3.5203578e+03   1.4850000e+02
   3.5205044e+03   1.3650000e+02
   3.5206510e+03   1.4325000e+02
   3.5207977e+03   1.5125000e+02
   3.5209443e+03   1.5600000e+02
   3.5210909e+03   1.6400000e+02
   3.5212375e+03   1.4100000e+02
   3.5213842e+03   1.4300000e+02
   3.5215308e+03   1.3425000e+02
   3.5216774e+03   1.1025000e+02
   3.5218240e+03   1.0825000e+02
   3.5219707e+03   9.9500000e+01
   3.5221173e+03   8.6750000e+01
   3.5222639e+03   7.7000000e+01
   3.5224106e+03   7.7250000e+01
   3.5225572e+03   6.0500000e+01
   3.5227038e+03   5.5000000e+01
   3.5228504e+03   4.4250000e+01
   3.5229971e+03   4.4750000e+01
   3.5231437e+03   5.6250000e+01
   3.5232903e+03   5.6750000e+01
   3.5234370e+03   5.6250000e+01
   3.5235836e+03   5.3000000e+01
   3.5237302e+03   5.6500000e+01
   3.5238768e+03   5.8000000e+01
   3.5240235e+03   5.1750000e+01
   3.5241701e+03   5.1500000e+01
   3.5243167e+03   5.3250000e+01
   3.5244633e+03   5.1000000e+01
   3.5246100e+03   5.6750000e+01
   3.5247566e+03   6.1750000e+01
   3.5249032e+03   5.2500000e+01
   3.5250499e+03   5.6500000e+01
   3.5251965e+03   5.4500000e+01
   3.5253431e+03   5.0250000e+01
   3.5254897e+03   4.3500000e+01
   3.5256364e+03   3.5500000e+01
   3.5257830e+03   3.1500000e+01
   3.5259296e+03   2.2500000e+01
   3.5260762e+03   1.0750000e+01
   3.5262229e+03   2.2000000e+01
   3.5263695e+03   2.9250000e+01
   3.5265161e+03   3.1250000e+01
   3.5266628e+03   2.3750000e+01
   3.5268094e+03  -7.2500000e+00
   3.5269560e+03  -3.8750000e+01
   3.5271026e+03  -4.6250000e+01
   3.5272493e+03  -5.1250000e+01
   3.5273959e+03  -5.2500000e+01
   3.5275425e+03  -4.7250000e+01
   3.5276891e+03  -4.7750000e+01
   3.5278358e+03  -6.1000000e+01
   3.5279824e+03  -6.6750000e+01
   3.5281290e+03  -7.9250000e+01
   3.5282757e+03  -9.1500000e+01
   3.5284223e+03  -9.8000000e+01
   3.5285689e+03  -9.9250000e+01
   3.5287155e+03  -1.0275000e+02
   3.5288622e+03  -1.2100000e+02
   3.5290088e+03  -1.2325000e+02
   3.5291554e+03  -1.1750000e+02
   3.5293021e+03  -1.0375000e+02
   3.5294487e+03  -1.0500000e+02
   3.5295953e+03  -1.1725000e+02
   3.5297419e+03  -1.2525000e+02
   3.5298886e+03  -1.1550000e+02
   3.5300352e+03  -1.3050000e+02
   3.5301818e+03  -1.4375000e+02
   3.5303284e+03  -1.4775000e+02
   3.5304751e+03  -1.5200000e+02
   3.5306217e+03  -1.6075000e+02
   3.5307683e+03  -1.5475000e+02
   3.5309150e+03  -1.4600000e+02
   3.5310616e+03  -1.3775000e+02
   3.5312082e+03  -1.4975000e+02
   3.5313548e+03  -1.5050000e+02
   3.5315015e+03  -1.5675000e+02
   3.5316481e+03  -1.5925000e+02
   3.5317947e+03  -1.5750000e+02
   3.5319413e+03  -1.3700000e+02
   3.5320880e+03  -1.3100000e+02
   3.5322346e+03  -1.3275000e+02
   3.5323812e+03  -1.2875000e+02
   3.5325279e+03  -1.2925000e+02
   3.5326745e+03  -1.2300000e+02
   3.5328211e+03  -1.1200000e+02
   3.5329677e+03  -1.0750000e+02
   3.5331144e+03  -9.5250000e+01
   3.5332610e+03  -8.6000000e+01
   3.5334076e+03  -9.1750000e+01
   3.5335543e+03  -9.0250000e+01
   3.5337009e+03  -7.8000000e+01
   3.5338475e+03  -7.1500000e+01
   3.5339941e+03  -5.3250000e+01
   3.5341408e+03  -4.8750000e+01
   3.5342874e+03  -1.4500000e+01
   3.5344340e+03  -1.4000000e+01
   3.5345806e+03  -2.9500000e+01
   3.5347273e+03  -3.2250000e+01
   3.5348739e+03  -4.1750000e+01
   3.5350205e+03  -2.8250000e+01
   3.5351672e+03  -5.7500000e+00
   3.5353138e+03   8.7500000e+00
   3.5354604e+03   1.4250000e+01
   3.5356070e+03   2.4500000e+01
   3.5357537e+03   3.0250000e+01
   3.5359003e+03   1.8750000e+01
   3.5360469e+03   3.2000000e+01
   3.5361935e+03   3.4750000e+01
   3.5363402e+03   4.4250000e+01
   3.5364868e+03   5.5750000e+01
   3.5366334e+03   6.8250000e+01
   3.5367801e+03   6.6750000e+01
   3.5369267e+03   7.0500000e+01
   3.5370733e+03   7.3750000e+01
   3.5372199e+03   8.8500000e+01
   3.5373666e+03   8.8000000e+01
   3.5375132e+03   7.5500000e+01
   3.5376598e+03   7.6250000e+01
   3.5378065e+03   7.7500000e+01
   3.5379531e+03   6.2250000e+01
   3.5380997e+03   5.2750000e+01
   3.5382463e+03   4.6250000e+01
   3.5383930e+03   3.4000000e+01
   3.5385396e+03   1.9250000e+01
   3.5386862e+03   1.6000000e+01
   3.5388328e+03   9.5000000e+00
   3.5389795e+03   3.0000000e+00
   3.5391261e+03  -7.5000000e+00
   3.5392727e+03  -1.9750000e+01
   3.5394194e+03  -2.1500000e+01
   3.5395660e+03  -3.3750000e+01
   3.5397126e+03  -5.8500000e+01
   3.5398592e+03  -7.8750000e+01
   3.5400059e+03  -8.0500000e+01
   3.5401525e+03  -8.4750000e+01
   3.5402991e+03  -7.4500000e+01
   3.5404457e+03  -6.7000000e+01
   3.5405924e+03  -6.7500000e+01
   3.5407390e+03  -6.7000000e+01
   3.5408856e+03  -7.7500000e+01
   3.5410323e+03  -7.7250000e+01
   3.5411789e+03  -8.6750000e+01
   3.5413255e+03  -8.0500000e+01
   3.5414721e+03  -8.5000000e+01
   3.5416188e+03  -9.5500000e+01
   3.5417654e+03  -9.0250000e+01
   3.5419120e+03  -7.2000000e+01
   3.5420587e+03  -8.8500000e+01
   3.5422053e+03  -8.5500000e+01
   3.5423519e+03  -9.5000000e+01
   3.5424985e+03  -8.0750000e+01
   3.5426452e+03  -7.1500000e+01
   3.5427918e+03  -5.8250000e+01
   3.5429384e+03  -5.5000000e+01
   3.5430850e+03  -5.4750000e+01
   3.5432317e+03  -5.6750000e+01
   3.5433783e+03  -6.2750000e+01
   3.5435249e+03  -6.3250000e+01
   3.5436716e+03  -6.4500000e+01
   3.5438182e+03  -5.5250000e+01
   3.5439648e+03  -5.5250000e+01
   3.5441114e+03  -4.7000000e+01
   3.5442581e+03  -4.9250000e+01
   3.5444047e+03  -2.7250000e+01
   3.5445513e+03  -2.0250000e+01
   3.5446979e+03  -1.2500000e+00
   3.5448446e+03   8.5000000e+00
   3.5449912e+03   2.5000000e-01
   3.5451378e+03   8.2500000e+00
   3.5452845e+03  -1.0000000e+00
   3.5454311e+03   6.7500000e+00
   3.5455777e+03   3.5000000e+00
   3.5457243e+03   1.8250000e+01
   3.5458710e+03   1.7750000e+01
   3.5460176e+03   3.8500000e+01
   3.5461642e+03   4.7250000e+01
   3.5463109e+03   5.3500000e+01
   3.5464575e+03   5.9250000e+01
   3.5466041e+03   5.7750000e+01
   3.5467507e+03   7.8000000e+01
   3.5468974e+03   6.0500000e+01
   3.5470440e+03   5.5750000e+01
   3.5471906e+03   5.9250000e+01
   3.5473372e+03   6.9500000e+01
   3.5474839e+03   7.7750000e+01
   3.5476305e+03   6.9750000e+01
   3.5477771e+03   7.4250000e+01
   3.5479238e+03   6.8000000e+01
   3.5480704e+03   5.1250000e+01
   3.5482170e+03   6.5250000e+01
   3.5483636e+03   7.1250000e+01
   3.5485103e+03   7.8250000e+01
   3.5486569e+03   8.3000000e+01
   3.5488035e+03   8.1750000e+01
   3.5489501e+03   7.2750000e+01
   3.5490968e+03   7.0250000e+01
   3.5492434e+03   6.4000000e+01
   3.5493900e+03   6.2750000e+01
   3.5495367e+03   4.8000000e+01
   3.5496833e+03   4.6750000e+01
   3.5498299e+03   4.4250000e+01
   3.5499765e+03   4.3500000e+01
   3.5501232e+03   5.0000000e+01
   3.5502698e+03   4.5250000e+01
   3.5504164e+03   5.0500000e+01
   3.5505630e+03   2.8500000e+01
   3.5507097e+03   3.5750000e+01
   3.5508563e+03   3.1750000e+01
   3.5510029e+03   2.5750000e+01
   3.5511496e+03   9.7500000e+00
   3.5512962e+03   1.3500000e+01
   3.5514428e+03   8.5000000e+00
   3.5515894e+03   1.2000000e+01
   3.5517361e+03   1.5750000e+01
   3.5518827e+03   1.2500000e+01
   3.5520293e+03   1.2000000e+01
   3.5521760e+03   7.2500000e+00
   3.5523226e+03   2.0750000e+01
   3.5524692e+03   4.1250000e+01
   3.5526158e+03   4.4250000e+01
   3.5527625e+03   4.3500000e+01
   3.5529091e+03   4.9750000e+01
   3.5530557e+03   4.9500000e+01
   3.5532023e+03   5.0750000e+01
   3.5533490e+03   5.8500000e+01
   3.5534956e+03   5.4250000e+01
   3.5536422e+03   5.7250000e+01
   3.5537889e+03   6.3750000e+01
   3.5539355e+03   7.0250000e+01
   3.5540821e+03   6.3750000e+01
   3.5542287e+03   5.6250000e+01
   3.5543754e+03   6.7500000e+01
   3.5545220e+03   5.1750000e+01
   3.5546686e+03   5.2000000e+01
   3.5548152e+03   5.2000000e+01
   3.5549619e+03   5.3000000e+01
   3.5551085e+03   3.6000000e+01
   3.5552551e+03   4.7750000e+01
   3.5554018e+03   4.8500000e+01
   3.5555484e+03   5.7250000e+01
   3.5556950e+03   6.4750000e+01
   3.5558416e+03   6.5000000e+01
   3.5559883e+03   7.5500000e+01
   3.5561349e+03   6.0750000e+01
   3.5562815e+03   7.0000000e+01
   3.5564282e+03   7.2250000e+01
   3.5565748e+03   6.0000000e+01
   3.5567214e+03   5.7750000e+01
   3.5568680e+03   6.2750000e+01
   3.5570147e+03   7.0500000e+01
   3.5571613e+03   6.7000000e+01
   3.5573079e+03   6.4500000e+01
   3.5574545e+03   6.2000000e+01
   3.5576012e+03   5.8000000e+01
   3.5577478e+03   4.3500000e+01
   3.5578944e+03   3.4500000e+01
   3.5580411e+03   2.5250000e+01
   3.5581877e+03   2.1500000e+01
   3.5583343e+03   9.0000000e+00
   3.5584809e+03  -9.5000000e+00
   3.5586276e+03  -2.0750000e+01
   3.5587742e+03  -3.7250000e+01
   3.5589208e+03  -1.5000000e+01
   3.5590674e+03  -1.2000000e+01
   3.5592141e+03  -1.8750000e+01
   3.5593607e+03  -2.8750000e+01
   3.5595073e+03  -5.0000000e+01
   3.5596540e+03  -5.9000000e+01
   3.5598006e+03  -8.8750000e+01
   3.5599472e+03  -9.3000000e+01
   3.5600938e+03  -9.8750000e+01
   3.5602405e+03  -8.9500000e+01
   3.5603871e+03  -1.0325000e+02
   3.5605337e+03  -1.2425000e+02
   3.5606804e+03  -1.2850000e+02
   3.5608270e+03  -1.3275000e+02
   3.5609736e+03  -1.3600000e+02
   3.5611202e+03  -1.3850000e+02
   3.5612669e+03  -1.7025000e+02
   3.5614135e+03  -1.8600000e+02
   3.5615601e+03  -2.0675000e+02
   3.5617067e+03  -2.1575000e+02
   3.5618534e+03  -2.1500000e+02
   3.5620000e+03  -2.2725000e+02
